4
0 30000
0 0
30000 0
30000 30000
2
0 30000 30000 30000
0 15000 30000 15000


—

3
1 1
6 1
1 6
4
1 2 1 4
2 2 2 4
4 2 4 4 
6 2 6 4


 test1
4
1 1
-1 -1
1 -1
-1 1
8
0 2 2 0
-2 0 2 0
1 1 1 -1
1 1 0 0
1 1 -1 -1
1 1 2 1
-1 3 -1 -3
-1 0 -1 1

0
2
0
1.4
2.8
0
0
0

------------------
test 2
4
3 0
-1 0
0 2
0 -4
2
1 2 0 -4
5 0 -7 8
------------------
test 3
6
0 6
-2 3
6 0
3 4
6 -3
0 0
1
6 -3 0 0
------------------
test 4
4
0 2
2 0
0 -2
-2 0
1
-4 0 4 0

------------------

test 5

4
0 2
2 0
0 -2
-2 0
1
1 3 -2 0